Tables/260520_21.27_ST_Catalog_mass_loss_for_0.1-10.0_Gyr_eta-0.1_Rxuv-1.0.ecsv
# %ECSV 1.0
# ---
# datatype:
# - name: pl_name
#   datatype: string
#   description: Planet Name
#   meta: !!omap
#   - {_votable_string_dtype: char}
#   - {_votable_arraysize: '*'}
#   subtype: json
# - name: hostname
#   datatype: string
#   description: Host Name
#   meta: !!omap
#   - {_votable_string_dtype: char}
#   - {_votable_arraysize: '*'}
#   subtype: json
# - {name: pl_orbsmax, unit: AU, datatype: float64}
# - {name: pl_rade, unit: earthRad, datatype: float64}
# - {name: pl_masse, unit: earthMass, datatype: float64}
# - name: st_spectype
#   datatype: string
#   description: Spectral Type
#   meta: !!omap
#   - {_votable_string_dtype: char}
#   - {_votable_arraysize: '*'}
#   subtype: json
# - {name: st_teff, unit: K, datatype: float64}
# - {name: st_lum, unit: '', datatype: float64, format: .5f}
# - {name: st_age, unit: Gyr, datatype: float64}
# - {name: SpT_PM, datatype: string}
# - {name: Lxuv/Lbol, datatype: float64, format: .5f}
# - {name: t_sat, unit: Gyr, datatype: float64}
# - {name: gamma, datatype: float64}
# - {name: v_esc, unit: km / s, datatype: float64, format: .1f}
# - {name: 'Loss/0.01protoatm., t=0.1 Gyr', unit: '', datatype: float64, format: .8f}
# - {name: insol_0.1_Gyr, unit: '', datatype: float64, format: .5f}
# - {name: 'Loss/0.01protoatm., t=0.6 Gyr', unit: '', datatype: float64, format: .8f}
# - {name: insol_0.6_Gyr, unit: '', datatype: float64, format: .5f}
# - {name: 'Loss/0.01protoatm., t=1.0 Gyr', unit: '', datatype: float64, format: .8f}
# - {name: insol_1.0_Gyr, unit: '', datatype: float64, format: .5f}
# - {name: 'Loss/0.01protoatm., t=5.0 Gyr', unit: '', datatype: float64, format: .8f}
# - {name: insol_5.0_Gyr, unit: '', datatype: float64, format: .5f}
# - {name: 'Loss/0.01protoatm., t=10.0 Gyr', unit: '', datatype: float64, format: .8f}
# - {name: insol_10.0_Gyr, unit: '', datatype: float64, format: .5f}
# - {name: 'Loss/0.01protoatm., star_age', unit: '', datatype: float64, format: .8f}
# - {name: insol_star_age, unit: '', datatype: float64, format: .5f}
# meta: !!omap
# - {eta: 0.1}
# - {R_xuv: 1.0}
# - end_time: !numpy.ndarray
#     buffer: !!binary |
#       bXBtWm1abVp1VDh6TXpNek16UGpQd0FBQUFBQUFQQS9BQUFBQUFBQUZFQUFBQUFBQUFBa1FBPT0=
#     dtype: float64
#     order: C
#     shape: !!python/tuple [5]
# - {Protoatmosphere mass fraction: 0.01}
# schema: astropy-2.0
pl_name hostname pl_orbsmax pl_rade pl_masse st_spectype st_teff st_lum st_age SpT_PM Lxuv/Lbol t_sat gamma v_esc "Loss/0.01protoatm., t=0.1 Gyr" insol_0.1_Gyr "Loss/0.01protoatm., t=0.6 Gyr" insol_0.6_Gyr "Loss/0.01protoatm., t=1.0 Gyr" insol_1.0_Gyr "Loss/0.01protoatm., t=5.0 Gyr" insol_5.0_Gyr "Loss/0.01protoatm., t=10.0 Gyr" insol_10.0_Gyr "Loss/0.01protoatm., star_age" insol_star_age
[from data line 305]
"""HD 215497 c""" """HD 215497""" 1.31 13.0 111.23994245 """K3 V""" 5113.0 0.3890451449942806 5.8 K2V 0.001 0.1 1.23 32.70370092134184 0.0005920184901457365 0.22670307382686364 0.001461372034388934 0.22670307382686364 0.0016503322221901905 0.22670307382686367 0.002119258637022375 0.22670307382686367 0.002273513548680262 0.22670307382686367 0.0021543882229014843 0.23268634551002654
"""HD 216437 b""" """HD 216437""" 2.57 13.0 1334.8793094 """G1 V""" 5909.0 2.2387211385683394 4.9 G0V 0.001 0.1 1.23 113.28894318260234 6.146800579414833e-06 0.33894852890556104 1.5173111342369147e-05 0.33894852890556104 1.713504430763375e-05 0.33894852890556104 2.200380635877144e-05 0.3389485289055611 2.36054019104963e-05 0.33894852890556104 2.1953188358165594e-05 0.3414342061731226
"""HD 217107 b""" """HD 217107""" 0.07359 13.6 459.579876522 """G""" 5622.0 1.2518145641044736 11.9 G6V 0.001 0.1 1.23 64.99040580486307 0.04049173886851637 231.15452217584485 0.09995210587369081 231.15452217584485 0.11287624035319119 231.15452217584482 0.1449489648609346 231.15452217584487 0.15549939479851912 231.15452217584485 0.1578934831998529 254.2289285169037
"""HD 217107 c""" """HD 217107""" 5.922 12.9 1388.91013859 """G""" 5622.0 1.2518145641044736 11.9 G6V 0.001 0.1 1.23 116.00599135350932 5.84242767605336e-07 0.035694655424962037 1.4421779996470263e-06 0.03569465542496203 1.6286563359250928e-06 0.03569465542496203 2.0914237510734973e-06 0.035694655424962037 2.2436526391974726e-06 0.035694655424962037 2.278196199750132e-06 0.039257782703316105
"""HD 21749 c""" """GJ 143""" 0.0695 0.892 3.7 """K4.5""" 4640.0 0.20596811765973644 3.8 K4V 0.001 0.1 1.23 22.769664718661822 0.032515528865698626 42.64129551467035 0.08026317650315422 42.641295514670354 0.09064146796396158 42.64129551467035 0.11639639054013154 42.641295514670354 0.12486855841355911 42.64129551467036 0.1126505552996867 41.667524577184935
"""HD 219077 b""" """HD 219077""" 5.935 12.5 3057.50927534 """G8 V+""" 5362.0 2.6607250597988097 8.9 G9V 0.001 0.1 1.23 174.85058350639778 2.321252275290976e-07 0.07553679491312612 5.729910832745881e-07 0.07553679491312615 6.470807060100367e-07 0.07553679491312613 8.309426166583503e-07 0.07553679491312613 8.914246067685804e-07 0.07553679491312615 8.81918395536637e-07 0.08094488440414285
"""HD 219134 b""" """HD 219134""" 0.03876 1.602 4.74 """K3 V""" 4699.0 0.26460009757274705 11.0 K4V 0.001 0.1 1.23 19.23074529567517 0.4740483415403977 176.12559092759645 1.1701678255100698 176.1255909275965 1.3214743558555941 176.12559092759645 1.6969588938485887 176.12559092759648 1.8204757877683726 176.1255909275965 1.8359714612777707 192.39356967892982
"""HD 219134 c""" """HD 219134""" 0.0653 1.511 4.36 """K3 V""" 4699.0 0.26460009757274705 11.0 K4V 0.001 0.1 1.23 18.991060325913136 0.16563547913245769 62.05312213690311 0.408864015458705 62.05312213690312 0.4617314710608357 62.053122136903106 0.5929281358465496 62.05312213690312 0.6360857172840808 62.05312213690312 0.6415000032994461 67.78470757579609
"""HD 219134 d""" """HD 219134""" 0.237 1.61 16.17 """K3 V""" 4699.0 0.26460009757274705 11.0 K4V 0.001 0.1 1.23 35.43074406132338 0.001105911088726015 4.710785265408803 0.002729893684886384 4.710785265408805 0.0030828778745621423 4.710785265408803 0.003958848694040749 4.710785265408804 0.004247002223250479 4.710785265408805 0.004283152201342662 5.1459006520834665
"""HD 219134 f""" """HD 219134""" 0.1463 1.31 7.3 """K3 V""" 4699.0 0.26460009757274705 11.0 K4V 0.001 0.1 1.23 26.3914944341216 0.007670767700236734 12.362358900392737 0.018934958258922566 12.362358900392739 0.021383310344783475 12.362358900392735 0.02745917732623039 12.362358900392739 0.02945785407981778 12.362358900392739 0.0297085958321527 13.504217904804083
"""HD 219666 b""" """HD 219666""" 0.06356 4.898 17.6 """G5 V""" 5540.0 0.9379938696184887 10.0 G7V 0.001 0.1 1.23 21.192644077728062 1.2954854691194015 232.18396477020679 3.197849842599137 232.1839647702068 3.611342295306719 232.18396477020684 4.63747132102652 232.1839647702068 4.975019894119053 232.18396477020687 4.975019894119053 251.48917336886205
"""HD 219828 c""" """HD 219828""" 5.657 12.2 5102.417245978 """G0 IV""" 5891.0 2.6302679918953817 5.69 G1V 0.001 0.1 1.23 228.63687229601558 8.431881828419494e-08 0.08219163930881755 2.081373556135242e-07 0.08219163930881757 2.350501970253511e-07 0.08219163930881754 3.0183750488656456e-07 0.08219163930881757 3.2380741306008134e-07 0.08219163930881757 3.062049418247957e-07 0.08418604776582021
"""HD 220689 b""" """HD 220689""" 3.396 13.7 381.3940884 """G3 V""" 5921.0 1.2387965865303692 4.586 G0V 0.001 0.1 1.23 58.9881662928979 2.7928508316123962e-05 0.10741492680802063 6.894031469411575e-05 0.10741492680802066 7.785452305798728e-05 0.10741492680802063 9.997615522705508e-05 0.10741492680802064 0.00010725314007592312 0.10741492680802066 9.898470350591087e-05 0.10737663205255951
"""HD 221416 b""" """HD 221416""" 0.1228 9.17 60.5 """K0 IV/V""" 5080.0 5.150032859002328 4.9 K2V 0.001 0.1 1.23 28.716481080725675 1.0582294425100507 341.51773884884255 2.612193603734383 341.5177388488425 2.949958787629725 341.5177388488425 3.788161895819713 341.51773884884255 4.06389161015343 341.51773884884255 3.7794475316769294 344.0222574041129
"""HD 221420 b""" """HD 221420""" 10.15 12.0 7278.2705203 """G2 IV-V""" 5847.0 4.008021107531615 3.65 G1V 0.001 0.1 1.23 275.3351604610546 1.8666142760871937e-08 0.03890432776851287 4.607656597673942e-08 0.03890432776851286 5.203441678770166e-08 0.03890432776851286 6.681950804633227e-08 0.03890432776851287 7.168311323856704e-08 0.03890432776851286 6.434199625953253e-08 0.03782358225710306
"""HD 222155 b""" """HD 222155""" 5.14 13.4 581.62598481 """G2 V""" 5701.0 3.2278994658891444 8.2 G3V 0.001 0.1 1.23 73.65592740943588 1.2781736839869129e-05 0.12217821109665343 3.155116449843547e-05 0.12217821109665343 3.5630833349814336e-05 0.12217821109665342 4.575500029968921e-05 0.12217821109665344 4.90853788603031e-05 0.12217821109665344 4.818548324640101e-05 0.1299106943146078
"""HD 222237 b""" """HD 222237""" 10.8 12.8 1649.52943233 """K3 V""" 4751.0 0.21599813434170673 8.8 K3V 0.001 0.1 1.23 126.91508663010063 2.0993341781434574e-08 0.0018518358568390498 5.182115609295416e-08 0.0018518358568390498 5.852180121067556e-08 0.0018518358568390498 7.515022187789401e-08 0.0018518358568390498 8.062019644085374e-08 0.0018518358568390498 7.967586172611577e-08 0.0019823141301784156
"""HD 224018 b""" """HD 224018""" 0.0952 0.91 4.1 """G V""" 5784.0 1.3299949746492488 7.0 G2V 0.001 0.1 1.23 23.730639019244308 0.09676134202501552 146.74932193273438 0.23885118725006552 146.74932193273438 0.269735427633246 146.74932193273438 0.34637821829840193 146.74932193273438 0.3715901204845869 146.74932193273435 0.35911887055412206 153.61627908785894
"""HD 224018 c""" """HD 224018""" 0.217 2.42 10.4 """G V""" 5784.0 1.3299949746492488 7.0 G2V 0.001 0.1 1.23 23.17646456217488 0.054435130453505294 28.24428156574251 0.1343707648615558 28.244281565742515 0.15174534461657008 28.24428156574251 0.1948623603675491 28.244281565742515 0.2090458468277843 28.24428156574251 0.20202988257309656 29.565938584901552
"""HD 224018 d""" """HD 224018""" 0.53 2.4 4.2 """G V""" 5784.0 1.3299949746492488 7.0 G2V 0.001 0.1 1.23 14.789627141251746 0.05457612811267142 4.734763170698644 0.13471881148416878 4.734763170698645 0.15213839480680644 4.734763170698644 0.19536709208110445 4.734763170698645 0.20958731655175772 4.734763170698645 0.20255317957426272 4.956320690724205
"""HD 224538 b""" """HD 224538""" 2.375 12.7 2075.737326117 """F8/G0 IV/V""" 6097.0 2.9499863062460485 2.0 F9V 0.001 0.1 1.23 142.92971832938653 3.657029481846646e-06 0.522989262049161 9.027219086334525e-06 0.5229892620491611 1.0194468064511477e-05 0.522989262049161 1.3091130503949478e-05 0.5229892620491611 1.4043997296190496e-05 0.5229892620491611 1.1574201830651975e-05 0.4668530029303331
"""HD 22946 d""" """HD 22946""" 0.2958 2.607 26.57 """F7/F8V""" 6169.0 1.6187880882397638 2.5 F8V 0.001 0.1 1.23 35.691390050950545 0.006829720984566983 18.50093429079647 0.01685887082186992 18.50093429079647 0.019038778006113886 18.500934290796465 0.024448468123746438 18.500934290796465 0.026228003771126388 18.50093429079647 0.02236136652309525 17.084954787124424
"""HD 235088 b""" """HD 235088""" 0.0706 1.982 4.15 """K V""" 5075.0 0.3599979270433567 0.7 K2V 0.001 0.1 1.23 16.177463333135293 0.48025807007494375 72.22550679392273 1.1854962717876492 72.22550679392273 1.338784820414045 72.22550679392273 1.719187964476368 72.22550679392275 1.8443228503042763 72.22550679392273 1.2336654451968838 52.328480225905246
"""HD 24040 b""" """HD 24040""" 4.92 12.9 1589.142035 """G0 V""" 5802.0 1.886644179131182 6.68 G2V 0.001 0.1 1.23 124.08654814323558 9.744797320438218e-07 0.07793989106728727 2.405461066152004e-06 0.07793989106728728 2.716495056205573e-06 0.07793989106728727 3.488361635848125e-06 0.07793989106728728 3.74226972737043e-06 0.0779398910672873 3.599417351824354e-06 0.08119774801027003
"""HD 25015 b""" """HD 25015""" 6.248 12.5 2884.928450339 """K2 V""" 5160.0 0.41289535769457225 4.0 K1V 0.001 0.1 1.23 169.84419878966915 3.650793095198048e-08 0.010576889283048741 9.011824835655538e-08 0.010576889283048741 1.017708328682711e-07 0.010576889283048741 1.3068806004818378e-07 0.010576889283048743 1.402004785917729e-07 0.010576889283048741 1.2728867174878712e-07 0.010401244065465925
"""HD 25463 b""" """HD 25463""" 0.076 2.54535814 8.7 """""" 6353.0 2.970024282074555 2.3 F6V 0.001 0.1 1.23 20.669186234752736 1.6478220855890682 514.2008798605533 4.0675775395723175 514.2008798605534 4.59352863052442 514.2008798605533 5.898736686925428 514.2008798605533 6.328089240049037 514.2008798605534 5.329012444819441 469.0228758839931
"""HD 25463 c""" """HD 25463""" 0.0443 1.36354953 4.3 """""" 6353.0 2.970024282074555 2.3 F6V 0.001 0.1 1.23 19.853494946250002 3.0520926064722835 1513.3958807813315 7.533958576810417 1513.3958807813317 8.50812408296523 1513.3958807813315 10.925627704070958 1513.3958807813315 11.720873601318484 1513.3958807813317 9.87038565927333 1380.427992553309
"""HD 260655 b""" """HD 260655""" 0.02933 1.24 2.14 """M0 V""" 3803.0 0.036310313617986784 5.0 M0.5V 0.001 0.6 1.23 14.687038893890502 0.25847152144268026 42.20907881194245 1.5508291286560816 102.5962774187235 2.298264726704 134.6347344968631 4.1531120328423725 189.46026073374674 4.763270254467907 202.551807014999 4.1531120328423725 191.2897132872707
"""HD 260655 c""" """HD 260655""" 0.04749 1.533 3.09 """M0 V""" 3803.0 0.036310313617986784 5.0 M0.5V 0.001 0.6 1.23 15.872537549493158 0.08935204217985089 16.099992022341862 0.5361122530791055 39.13374312959581 0.7944962201433848 51.35431078671905 1.435705719008863 72.26664907695381 1.6466337270569678 77.26021436245456 1.435705719008863 72.96446510009467
"""HD 2685 b""" """HD 2685""" 0.0568 16.14096 371.8611 """""" 6801.0 4.660043814312283 1.31 F2V 0.001 0.1 1.23 53.66163427553486 0.6460843621151754 1444.4194524623967 1.5948313006553316 1444.419452462397 1.8010482084594863 1444.419452462397 2.3127991565273875 1444.419452462397 2.4811413415444217 1444.4194524623972 1.9006530017307361 1198.4825905380715
"""HD 27631 b""" """HD 27631""" 3.242 13.5 495.81231492 """G3 IV/V""" 5737.0 0.8790225168308843 4.01 G3V 0.001 0.1 1.23 67.75322488532578 1.2311472003338134e-05 0.0836322881275338 3.0390336091380653e-05 0.08363228812753383 3.4319906029792534e-05 0.08363228812753382 4.407158528293714e-05 0.08363228812753382 4.7279432770582255e-05 0.08363228812753382 4.293837420562241e-05 0.08226865335367234
"""HD 27894 d""" """HD 27894""" 5.362 12.7 2063.659846651 """K2 V""" 4875.0 0.35563131856898533 3.9 K3V 0.001 0.1 1.23 142.51330026307954 8.750857905178568e-08 0.01236933582547421 2.1601114209103868e-07 0.01236933582547421 2.4394208986899726e-07 0.012369335825474208 3.1325594564352073e-07 0.012369335825474212 3.3605697019871226e-07 0.01236933582547421 3.041565069932268e-07 0.01212600255977471
"""HD 28109 b""" """HD 28109""" 0.1357 2.69 6.2 """F8""" 6189.0 2.7100044249512933 3.2 F8V 0.001 0.1 1.23 16.972972423715866 1.096107330174316 147.16695520491172 2.7056935309759407 147.16695520491172 3.055548561532647 147.1669552049117 3.9237540131620223 147.16695520491172 4.209353098660143 147.16695520491172 3.7142538996480288 140.6544916217857
"""HD 28109 c""" """HD 28109""" 0.308 4.13 9.2 """F8""" 6189.0 2.7100044249512933 3.2 F8V 0.001 0.1 1.23 16.68618632201849 0.3497134886924417 28.567258653981433 0.8632526195219302 28.567258653981437 0.9748740090560457 28.56725865398143 1.2518753108745637 28.56725865398143 1.3429958150509522 28.56725865398143 1.1850342146045572 27.303094213025556
"""HD 28109 d""" """HD 28109""" 0.411 3.11 5.8 """F8""" 6189.0 2.7100044249512933 3.2 F8V 0.001 0.1 1.23 15.26764323745758 0.21099922133696117 16.04302854559998 0.5208424508223893 16.04302854559998 0.5881890846748827 16.043028545599977 0.7553174937378618 16.04302854559998 0.8102949425658597 16.04302854559998 0.7149889970618768 15.333089014536121
"""HD 28185 c""" """HD 28185""" 8.5 12.8 1906.970442 """G5""" 5602.0 0.9699961265109994 8.3 G6V 0.001 0.1 1.23 136.45994654396375 1.1387894912502641e-07 0.013425551924027676 2.811052599319093e-07 0.013425551924027676 3.174530902302121e-07 0.013425551924027673 4.076544069575153e-07 0.013425551924027676 4.373264316144642e-07 0.013425551924027678 4.298090862145805e-07 0.014291870909400517
"""HD 29021 b""" """HD 29021""" 2.294 12.9 1420.69297929 """G5""" 5560.0 0.6590069579481801 5.5 G7V 0.001 0.1 1.23 117.32578343447167 1.959030292653322e-06 0.12522849835098807 4.835781536991495e-06 0.12522849835098804 5.4610639195011955e-06 0.12522849835098804 7.012773987636784e-06 0.12522849835098807 7.523214201512489e-06 0.1252284983509881 7.087878473311788e-06 0.1277918268702954
"""HD 30177 b""" """HD 30177""" 3.604 12.6 2670.712104021 """G8 V""" 5580.0 1.2119926887749228 2.525 G6V 0.001 0.1 1.23 162.7670399881797 3.8490826595776316e-07 0.09331048255475503 9.501294048051517e-07 0.09331048255475503 1.072984247064775e-06 0.09331048255475503 1.377862652383526e-06 0.09331048255475503 1.4781534229422108e-06 0.09331048255475505 1.262062748490813e-06 0.08629367019498128
"""HD 30177 c""" """HD 30177""" 10.258 12.7 1954.64470305 """G8 V""" 5580.0 1.2119926887749228 2.525 G6V 0.001 0.1 1.23 138.6980176247222 9.082793404772346e-08 0.011517934661203261 2.2420482631545965e-07 0.01151793466120326 2.531952442854001e-07 0.011517934661203261 3.251382970591882e-07 0.011517934661203261 3.488042047560085e-07 0.011517934661203263 2.978126536170331e-07 0.010651802753222049
"""HD 30562 b""" """HD 30562""" 2.34 13.6 467.20775829 """G2 IV""" 5882.0 2.8183829312644537 3.6 G1V 0.001 0.1 1.23 65.52752573055409 8.72437319751073e-05 0.5147167308175276 0.0002153573785385656 0.5147167308175276 0.00024320379254911525 0.5147167308175276 0.0003123078680681014 0.5147167308175277 0.00033503988470699324 0.5147167308175277 0.0003002012750034375 0.49954127446264435
"""HD 3167 b""" """HD 3167""" 0.01796 1.67 4.97 """K0 V""" 5261.0 0.5369947008092392 7.8 K0V 0.001 0.1 1.23 19.286710412824117 4.617036285542168 1664.7818612297287 11.396954354904242 1664.781861229729 12.870617860560113 1664.7818612297287 16.527683152551973 1664.7818612297292 17.730687004969216 1664.781861229729 17.321341186778465 1761.5718380271032
"""HD 3167 c""" """HD 3167""" 0.1776 3.0 11.13 """K0 V""" 5261.0 0.5369947008092392 7.8 K0V 0.001 0.1 1.23 21.534022161959683 0.054579157690015506 17.024880691795232 0.13472628986479432 17.024880691795236 0.1521468401665271 17.024880691795232 0.19537793711054163 17.024880691795236 0.20959895096056966 17.024880691795236 0.2047599701557745 18.01470274927472
