Tables/260520_21.27_ST_Catalog_mass_loss_for_0.1-10.0_Gyr_eta-0.1_Rxuv-1.0.ecsv
# %ECSV 1.0
# ---
# datatype:
# - name: pl_name
#   datatype: string
#   description: Planet Name
#   meta: !!omap
#   - {_votable_string_dtype: char}
#   - {_votable_arraysize: '*'}
#   subtype: json
# - name: hostname
#   datatype: string
#   description: Host Name
#   meta: !!omap
#   - {_votable_string_dtype: char}
#   - {_votable_arraysize: '*'}
#   subtype: json
# - {name: pl_orbsmax, unit: AU, datatype: float64}
# - {name: pl_rade, unit: earthRad, datatype: float64}
# - {name: pl_masse, unit: earthMass, datatype: float64}
# - name: st_spectype
#   datatype: string
#   description: Spectral Type
#   meta: !!omap
#   - {_votable_string_dtype: char}
#   - {_votable_arraysize: '*'}
#   subtype: json
# - {name: st_teff, unit: K, datatype: float64}
# - {name: st_lum, unit: '', datatype: float64, format: .5f}
# - {name: st_age, unit: Gyr, datatype: float64}
# - {name: SpT_PM, datatype: string}
# - {name: Lxuv/Lbol, datatype: float64, format: .5f}
# - {name: t_sat, unit: Gyr, datatype: float64}
# - {name: gamma, datatype: float64}
# - {name: v_esc, unit: km / s, datatype: float64, format: .1f}
# - {name: 'Loss/0.01protoatm., t=0.1 Gyr', unit: '', datatype: float64, format: .8f}
# - {name: insol_0.1_Gyr, unit: '', datatype: float64, format: .5f}
# - {name: 'Loss/0.01protoatm., t=0.6 Gyr', unit: '', datatype: float64, format: .8f}
# - {name: insol_0.6_Gyr, unit: '', datatype: float64, format: .5f}
# - {name: 'Loss/0.01protoatm., t=1.0 Gyr', unit: '', datatype: float64, format: .8f}
# - {name: insol_1.0_Gyr, unit: '', datatype: float64, format: .5f}
# - {name: 'Loss/0.01protoatm., t=5.0 Gyr', unit: '', datatype: float64, format: .8f}
# - {name: insol_5.0_Gyr, unit: '', datatype: float64, format: .5f}
# - {name: 'Loss/0.01protoatm., t=10.0 Gyr', unit: '', datatype: float64, format: .8f}
# - {name: insol_10.0_Gyr, unit: '', datatype: float64, format: .5f}
# - {name: 'Loss/0.01protoatm., star_age', unit: '', datatype: float64, format: .8f}
# - {name: insol_star_age, unit: '', datatype: float64, format: .5f}
# meta: !!omap
# - {eta: 0.1}
# - {R_xuv: 1.0}
# - end_time: !numpy.ndarray
#     buffer: !!binary |
#       bXBtWm1abVp1VDh6TXpNek16UGpQd0FBQUFBQUFQQS9BQUFBQUFBQUZFQUFBQUFBQUFBa1FBPT0=
#     dtype: float64
#     order: C
#     shape: !!python/tuple [5]
# - {Protoatmosphere mass fraction: 0.01}
# schema: astropy-2.0
pl_name hostname pl_orbsmax pl_rade pl_masse st_spectype st_teff st_lum st_age SpT_PM Lxuv/Lbol t_sat gamma v_esc "Loss/0.01protoatm., t=0.1 Gyr" insol_0.1_Gyr "Loss/0.01protoatm., t=0.6 Gyr" insol_0.6_Gyr "Loss/0.01protoatm., t=1.0 Gyr" insol_1.0_Gyr "Loss/0.01protoatm., t=5.0 Gyr" insol_5.0_Gyr "Loss/0.01protoatm., t=10.0 Gyr" insol_10.0_Gyr "Loss/0.01protoatm., star_age" insol_star_age
[from data line 176]
"""HATS-35 b""" """HATS-35""" 0.03199 16.409976 388.38826 """""" 6300.0 2.919980828211284 2.13 F7V 0.001 0.1 1.23 54.3897765780666 1.2294545719040693 2853.3268281724922 3.034855429076103 2853.3268281724927 3.4272721705581404 2853.3268281724922 4.401099397576154 2853.3268281724922 4.721443119154447 2853.326828172493 3.92971637418449 2572.320239092351
"""HATS-36 b""" """HATS-36""" 0.0523 12.92 1022.14128 """G0 V""" 5950.0 1.6399854689144595 0.62 G0V 0.001 0.1 1.23 99.44029591831851 0.018204201067295877 599.5654826049378 0.044936282888040406 599.5654826049378 0.050746691362953525 599.5654826049378 0.06516588752567791 599.5654826049379 0.06990913030302236 599.5654826049378 0.0453301042636443 421.0915352224484
"""HATS-38 b""" """HATS-38""" 0.05036 6.882326 23.51942 """""" 5732.0 1.178989670171637 11.89 G3V 0.001 0.1 1.23 20.667306706646272 4.029585537938941 464.87753235151587 9.946857595397802 464.8775323515159 11.233018843203975 464.87753235151587 14.42477574103359 464.8775323515159 15.474714841786428 464.87753235151587 15.711836856422018 511.246012469583
"""HATS-39 b""" """HATS-39""" 0.06007 17.59813 200.2329 """""" 6572.0 4.369985540800963 2.06 F5V 0.001 0.1 1.23 37.71140028490617 2.4213788380399737 1211.0574234063822 5.977068921786062 1211.0574234063824 6.7499234991175685 1211.0574234063822 8.667850922622696 1211.0574234063824 9.298759559716421 1211.0574234063824 7.699280432271483 1086.1177885108402
"""HATS-4 b""" """HATS-4""" 0.0362 11.433 420.471 """G""" 5403.0 0.6501296903430906 2.1 G9V 0.001 0.1 1.23 67.79944253558149 0.06168231861138774 496.115572130804 0.1522601353426651 496.115572130804 0.17194786926117078 496.11557213080397 0.22080524281694325 496.1155721308041 0.23687703916558592 496.1155721308041 0.19672206231325157 446.27240369013873
"""HATS-40 b""" """HATS-40""" 0.04997 17.71022 505.3497 """""" 6460.0 8.000000239617258 2.07 F5V 0.001 0.1 1.23 59.720334132602424 1.0250108473955801 3203.843554728899 2.5301949386081883 3203.8435547288996 2.857357426682698 3203.8435547288996 3.6692487270962824 3203.8435547288996 3.936323084308434 3203.8435547288996 3.2617102402730933 2875.497613953581
"""HATS-41 b""" """HATS-41""" 0.0583 14.90797 3082.951 """""" 6424.0 4.4999739532580305 1.34 F6V 0.001 0.1 1.23 160.77268206923418 0.006788354172877627 1323.9539829938694 0.016756758636590412 1323.9539829938694 0.018923462381016755 1323.9539829938692 0.024300386645856854 1323.9539829938694 0.026069143856433014 1323.9539829938697 0.02005483865547963 1103.1952028195103
"""HATS-42 b""" """HATS-42""" 0.03689 15.6926 597.5204 """""" 6060.0 2.6599899758559764 3.26 F9V 0.001 0.1 1.23 68.98697737958837 0.31117969166950493 1954.6215811581244 0.7681336084007115 1954.6215811581246 0.8674557984278026 1954.621581158124 1.1139352236688027 1954.6215811581246 1.1950154545183345 1954.6215811581244 1.0570584560081988 1872.7303243769302
"""HATS-43 b""" """HATS-43""" 0.04944 13.22662 82.95363 """""" 5099.0 0.4000000079872419 8.6 K2V 0.001 0.1 1.23 27.99828695085045 0.8093721027892107 163.645126381182 1.997900025283925 163.645126381182 2.2562350386151775 163.64512638118202 2.89732305316807 163.64512638118202 3.1082110985454596 163.64512638118205 3.0651415874547316 174.795472721065
"""HATS-44 b""" """HATS-44""" 0.03649 11.960003 177.9848 """""" 5080.0 0.4000000079872419 9.7 K2V 0.001 0.1 1.23 43.128466264059696 0.23862152979382747 300.4085390729302 0.5890269244090035 300.4085390729302 0.6651900338959472 300.4085390729302 0.8541975401318515 300.40853907293024 0.916372191111005 300.40853907293024 0.9138431821768227 324.4883570370213
"""HATS-45 b""" """HATS-45""" 0.05511 14.414774 222.481 """""" 6450.0 2.6599899758559764 1.52 F5V 0.001 0.1 1.23 43.92186228995159 0.77951800674863 875.8287110495453 1.9242064805858092 875.8287110495453 2.173012677354125 875.8287110495451 2.7904538388823448 875.8287110495453 2.9935631729119985 875.8287110495453 2.356242276512981 746.6855810591628
"""HATS-46 b""" """HATS-46""" 0.05367 10.121727 54.98459 """""" 5495.0 0.5890063813507318 3.0 G8V 0.001 0.1 1.23 26.057418412907175 1.0315920871224122 204.48281227779677 2.546440444193721 204.48281227779674 2.8757035293195847 204.48281227779674 3.6928077026444446 204.4828122777968 3.961596851826036 204.48281227779677 3.4654132100062793 193.74416359689226
"""HATS-47 b""" """HATS-47""" 0.04269 12.520453 117.27927 """""" 4512.0 0.15990056562406793 8.1 K5V 0.001 0.1 1.23 34.21675394439919 0.1841554709375876 87.74001218702153 0.45457981412314624 87.74001218702153 0.5133584721417987 87.74001218702152 0.6592244648361105 87.74001218702152 0.7072075707249168 87.74001218702152 0.6934209053045483 93.18259275904953
"""HATS-49 b""" """HATS-49""" 0.04515 8.574885 112.19399 """""" 4405.0 0.16410053615594372 10.5 K5V 0.001 0.1 1.23 40.43978568662273 0.059307488522799774 80.49974241439266 0.14639796999537422 80.49974241439267 0.16532770674486374 80.49974241439266 0.21230402324276787 80.49974241439266 0.22775703958434115 80.49974241439267 0.22875475646962537 87.57494738284815
"""HATS-5 b""" """HATS-5""" 0.0542 10.223 75.323 """G""" 5304.0 0.5395106225151276 3.6 K0V 0.001 0.1 1.23 30.346794583427872 0.5086869634614694 183.65443775109534 1.255671765383239 183.65443775109532 1.4180342350487858 183.65443775109534 1.8209553566325685 183.65443775109537 1.9534976064378928 183.65443775109537 1.7503661472474779 178.23973149111873
"""HATS-50 b""" """HATS-50""" 0.05046 12.66617 123.9537 """""" 5990.0 1.3899846364239115 1.2 F9.5V 0.001 0.1 1.23 34.97399889700873 1.0619443830087298 545.903033520039 2.621363773660752 545.903033520039 2.9603146905458324 545.9030335200388 3.801460331373494 545.9030335200389 4.0781580016544945 545.903033520039 3.071966500893352 445.40491567494394
"""HATS-51 b""" """HATS-51""" 0.04639 15.80469 244.09344 """""" 5758.0 2.039999213554899 4.74 G2V 0.001 0.1 1.23 43.936278043156356 0.9238390188366074 947.9408850615655 2.2804566561304247 947.9408850615654 2.5753271667702538 947.9408850615655 3.3070822152966777 947.9408850615655 3.5477954845759334 947.9408850615656 3.286896202468436 951.2523406440946
"""HATS-52 b""" """HATS-52""" 0.02498 15.490838 711.9392 """""" 6010.0 1.1700111486105869 1.2 F9.5V 0.001 0.1 1.23 75.79179590186926 0.20226156927959077 1875.0166644293613 0.49927393467736364 1875.0166644293615 0.5638316887884552 1875.016664429361 0.7240391723710408 1875.0166644293613 0.7767399596274123 1875.0166644293618 0.5850972755132647 1529.8351319357853
"""HATS-53 b""" """HATS-53""" 0.04753 15.02006 189.10885 """""" 5644.0 1.1099923866362844 9.0 G5V 0.001 0.1 1.23 39.6696431627924 0.6847704062308729 491.3425454508404 1.6903261271393826 491.3425454508405 1.9088908286071948 491.3425454508403 2.4512842452350707 491.3425454508405 2.629706372714696 491.3425454508404 2.6043845124212472 527.071200920945
"""HATS-54 b""" """HATS-54""" 0.037 11.37711541 239.324790471 """G6 V""" 5621.0 1.301997049308958 7.96 G6V 0.001 0.1 1.23 51.276215340810225 0.35966401192941916 951.0570119130449 0.8878150557094832 951.057011913045 1.0026124486470012 951.0570119130448 1.2874953677880987 951.0570119130449 1.3812085563289433 951.057011913045 1.351995709457957 1008.3462224314296
"""HATS-55 b""" """HATS-55""" 0.05412 14.022459 292.72143 """""" 6214.0 1.6939867147002385 0.4 F8V 0.001 0.1 1.23 51.080291911551804 0.27373305282052507 578.3549063113146 0.6756982002054537 578.3549063113146 0.7630681893685365 578.3549063113146 0.9798868550298058 578.3549063113146 1.0512100798673938 578.3549063113147 0.5986586392505637 356.7559558682622
"""HATS-56 b""" """HATS-56""" 0.06043 18.920792 191.33366 """""" 6536.0 7.9000529108322155 1.894 F5V 0.001 0.1 1.23 35.552016164239184 5.887478090238933 2163.3401547917624 14.532984995172631 2163.3401547917624 16.41214752831153 2163.340154791762 21.075505242999053 2163.3401547917624 22.60953235163545 2163.3401547917624 18.471410545162826 1914.3456834672304
"""HATS-57 b""" """HATS-57""" 0.03493 12.767051 1000.21101 """""" 5587.0 0.8050076361080626 2.5 G6V 0.001 0.1 1.23 98.955222501658 0.02018648313318099 659.7855939338187 0.049829460421468644 659.7855939338186 0.0562725727691147 659.7855939338187 0.07226189628058596 659.7855939338187 0.07752163769782734 659.7855939338189 0.06609308772252281 609.2885291291984
"""HATS-59 b""" """HATS-59""" 0.06112 12.621334 256.17098 """""" 5670.0 0.9900109542601704 4.3 G4V 0.001 0.1 1.23 50.36751632617039 0.11942590606596717 265.01674091162465 0.2947976831997281 265.01674091162465 0.3329159886482709 265.01674091162465 0.4275109428629836 265.01674091162465 0.4586282692582013 265.01674091162465 0.4200574960872458 262.910722110255
"""HATS-6 b""" """HATS-6""" 0.03623 11.186582 101.38777 """M1 V""" 3724.0 0.07946392270075145 8.1 M0.5V 0.001 0.6 1.23 33.65753306550733 0.12126172382825175 60.538733621124294 0.7275703429695105 147.14959160430067 1.078229203040447 193.10102369612227 1.9484294499578145 271.73500533974857 2.234684730034002 290.5116679753025 2.152436911804606 303.0852629697459
"""HATS-60 b""" """HATS-60""" 0.04708 12.923977 210.40346 """""" 5688.0 1.9959975321946712 7.55 G4V 0.001 0.1 1.23 45.109348140806276 0.6458611815501328 900.5069969817059 1.5942803890844917 900.5069969817059 1.8004260622191455 900.5069969817058 2.312000233270843 900.506996981706 2.4802842668974763 900.506996981706 2.41526902147016 949.813230342183
"""HATS-61 b""" """HATS-61""" 0.07908 13.394755 1080.622 """""" 5542.0 2.3400223205840787 8.9 G7V 0.001 0.1 1.23 100.41710950794636 0.011326942831499839 374.18526263078763 0.027960068417797683 374.1852626307877 0.03157539679061153 374.1852626307877 0.040547249496895775 374.1852626307877 0.0434985704351942 374.1852626307877 0.04303469879007159 400.9752182921874
"""HATS-62 b""" """HATS-62""" 0.04163 11.825495 56.89157 """""" 5416.0 0.6709961062630134 9.55 G9V 0.001 0.1 1.23 24.521808464321435 2.9096358780206213 387.17488517717663 7.182310304780011 387.1748851771766 8.11100653825188 387.1748851771766 10.41567293543051 387.17488517717663 11.17380065068177 387.17488517717663 11.127101094827852 417.61430206955686
"""HATS-63 b""" """HATS-63""" 0.04026 13.529263 305.1168 """""" 5627.0 1.027992627448959 10.3 G6V 0.001 0.1 1.23 53.09262420437919 0.24814295585707455 634.2236882574241 0.6125301527843641 634.2236882574243 0.6917323066373102 634.2236882574241 0.888281550609867 634.2236882574242 0.952937081427557 634.2236882574242 0.9554717042361063 688.784130792206
"""HATS-64 b""" """HATS-64""" 0.06562 18.819911 305.1168 """""" 6554.0 7.370042631286165 1.861 F5V 0.001 0.1 1.23 45.01554149666316 1.802549992112569 1711.5813590235412 4.449516683867163 1711.5813590235414 5.024853756442202 1711.581359023541 6.452618799978346 1711.5813590235412 6.922286883696138 1711.5813590235414 5.639191245980183 1510.26044402288
"""HATS-66 b""" """HATS-66""" 0.04714 15.815899 1694.0339 """""" 6626.0 5.850055684645671 2.17 F4V 0.001 0.1 1.23 115.70504827459517 0.0533811118088755 2632.5755508896186 0.13176896543024522 2632.5755508896186 0.14880712400188356 2632.575550889618 0.19108927193636774 2632.5755508896186 0.2049981258376214 2632.575550889618 0.17111293034271377 2380.1309526470923
"""HATS-67 b""" """HATS-67""" 0.03032 18.887165 460.8535 """""" 6594.0 3.519978412310857 0.51 F5V 0.001 0.1 1.23 55.22506792973241 1.786592330546881 3828.966847373463 4.410125886561829 3828.966847373463 4.980369600100771 3828.9668473734623 6.3954948880352624 3828.9668473734637 6.861005081896478 3828.9668473734637 4.214197781830436 2547.3924053558544
"""HATS-68 b""" """HATS-68""" 0.05071 13.809488 410.0007 """""" 6147.0 3.910029193623269 3.02 F8V 0.001 0.1 1.23 60.917449433482865 0.35036896471176987 1520.522247513924 0.8648706337221673 1520.5222475139244 0.9767012377888912 1520.522247513924 1.2542217295058133 1520.5222475139242 1.3455130229347985 1520.5222475139242 1.1780536277621707 1441.9725889952629
"""HATS-69 b""" """HATS-69""" 0.03211 10.592505 183.38791 """""" 5137.0 0.48130458625255457 8.0 K1V 0.001 0.1 1.23 46.518340424047004 0.24264052454846077 466.8091808867415 0.5989476391139299 466.80918088674156 0.6763935294873634 466.8091808867414 0.8685844038661371 466.8091808867415 0.9318062344370577 466.80918088674156 0.9125425217629806 495.16958146732816
"""HATS-7 b""" """HATS-7""" 0.04012 6.310667 38.1396 """K2""" 4985.0 0.36800184835450345 7.8 K2V 0.001 0.1 1.23 27.48455032307514 0.5809931230222615 228.6273335741178 1.434156392561343 228.62733357411784 1.6195975087847556 228.6273335741178 2.0797909432058947 228.62733357411784 2.2311731117654885 228.62733357411784 2.1796623393569026 241.91966623777293
"""HATS-71 b""" """HATS-71""" 0.03745 11.478016 117.5971 """M3 V""" 3405.0 0.027549898300014593 3.2 M3V 0.001 0.6 1.23 35.78517076192559 0.03159314973400276 19.64338623283353 0.18955889840401657 47.74655974763211 0.28091845954192907 62.65671188560989 0.5076377064030837 88.17157782446905 0.5822177605214375 94.26416044474867 0.4529297938184766 79.42900358831385
"""HATS-72 b""" """HATS-72""" 0.066517 8.0973816 39.855882 """""" 4656.1 0.21930069094497961 12.17 K4V 0.001 0.1 1.23 24.803450984560886 0.2436649033933428 49.56495228980299 0.6014762739816713 49.56495228980299 0.6792491251209097 49.56495228980299 0.8722513902031092 49.56495228980299 0.9357401304581896 49.564952289802996 0.951963394247555 54.616863552855186
"""HATS-75 b""" """HATS-75""" 0.032742 9.90873894 156.053747837 """""" 3790.4 0.06359017204776071 14.9 M0.5V 0.001 0.6 1.23 44.36761761794377 0.0348542434908776 59.31705647835325 0.20912546094526557 144.18009948118925 0.30991529722086136 189.20422749996055 0.5600368552389352 266.25136825226076 0.6423151778401872 284.6491161304803 0.6840354022752726 328.3426544129886
"""HATS-76 b""" """HATS-76""" 0.02658 12.09449018 835.570882003 """""" 4016.0 0.09160095468444289 4.6 K8V 0.001 0.1 1.23 92.92574816604105 0.0048323175684280364 129.6552320499339 0.011928366889433923 129.6552320499339 0.013470743775366474 129.6552320499339 0.0172983292146924 129.6552320499339 0.01855742623957962 129.6552320499339 0.017132891816048844 129.6552320499339
"""HATS-77 b""" """HATS-77""" 0.03607 13.05846252 436.696231218 """""" 4071.0 0.10189901829698768 12.1 K7V 0.001 0.1 1.23 64.65199033904153 0.013451300803633071 78.32090829224089 0.033203954180119837 78.32090829224089 0.03749733414769483 78.32090829224089 0.04815184978473885 78.3209082922409 0.05165668831881452 78.3209082922409 0.05252654566202093 86.26151203425113
"""HATS-8 b""" """HATS-8""" 0.04667 9.785457 43.86054 """""" 5679.0 0.9436262202767268 5.1 G4V 0.001 0.1 1.23 23.66925734595014 3.103766952425687 433.2358611610054 7.661514464554823 433.2358611610054 8.652173364545119 433.23586116100535 11.110607237306947 433.23586116100546 11.91931727765591 433.2358611610054 11.13554515418263 438.4010358937133
"""HATS-9 b""" """HATS-9""" 0.0312 13.85 266.02371 """""" 5599.0 2.050217801201984 10.8 G6V 0.001 0.1 1.23 48.997450982971905 1.1629706560006206 2106.1573401565424 2.8707427585173693 2106.1573401565424 3.241939194478568 2106.157340156542 4.163105795439219 2106.1573401565424 4.466126628045188 2106.157340156542 4.4968877115719295 2296.9888825744815
"""HD 100777 b""" """HD 100777""" 1.06 13.7 390.92894061 """G8 V""" 5533.0 1.050001694650035 5.7 G7V 0.001 0.1 1.23 59.72096664207254 0.0002312669868927971 0.9344977702474502 0.0005708725533882038 0.9344977702474501 0.000644688243274403 0.9344977702474502 0.0008278703580863661 0.9344977702474503 0.0008881287270838482 0.9344977702474503 0.0008400094975089038 0.9573563417801499
"""HD 103891 b""" """HD 103891""" 3.27 13.2 918.52409623 """F9""" 6072.0 6.109982973369426 3.68 F9V 0.001 0.1 1.23 93.26023645055525 2.2911551372562958e-05 0.5714056030982642 5.655617349398428e-05 0.571405603098264 6.386907186158741e-05 0.571405603098264 8.201686930746544e-05 0.5714056030982642 8.7986647940646e-05 0.5714056030982642 7.905779062474499e-05 0.5561084136961402
