Tables/260520_21.27_ST_Catalog_mass_loss_for_0.1-10.0_Gyr_eta-0.1_Rxuv-1.0.ecsv
# %ECSV 1.0
# ---
# datatype:
# - name: pl_name
#   datatype: string
#   description: Planet Name
#   meta: !!omap
#   - {_votable_string_dtype: char}
#   - {_votable_arraysize: '*'}
#   subtype: json
# - name: hostname
#   datatype: string
#   description: Host Name
#   meta: !!omap
#   - {_votable_string_dtype: char}
#   - {_votable_arraysize: '*'}
#   subtype: json
# - {name: pl_orbsmax, unit: AU, datatype: float64}
# - {name: pl_rade, unit: earthRad, datatype: float64}
# - {name: pl_masse, unit: earthMass, datatype: float64}
# - name: st_spectype
#   datatype: string
#   description: Spectral Type
#   meta: !!omap
#   - {_votable_string_dtype: char}
#   - {_votable_arraysize: '*'}
#   subtype: json
# - {name: st_teff, unit: K, datatype: float64}
# - {name: st_lum, unit: '', datatype: float64, format: .5f}
# - {name: st_age, unit: Gyr, datatype: float64}
# - {name: SpT_PM, datatype: string}
# - {name: Lxuv/Lbol, datatype: float64, format: .5f}
# - {name: t_sat, unit: Gyr, datatype: float64}
# - {name: gamma, datatype: float64}
# - {name: v_esc, unit: km / s, datatype: float64, format: .1f}
# - {name: 'Loss/0.01protoatm., t=0.1 Gyr', unit: '', datatype: float64, format: .8f}
# - {name: insol_0.1_Gyr, unit: '', datatype: float64, format: .5f}
# - {name: 'Loss/0.01protoatm., t=0.6 Gyr', unit: '', datatype: float64, format: .8f}
# - {name: insol_0.6_Gyr, unit: '', datatype: float64, format: .5f}
# - {name: 'Loss/0.01protoatm., t=1.0 Gyr', unit: '', datatype: float64, format: .8f}
# - {name: insol_1.0_Gyr, unit: '', datatype: float64, format: .5f}
# - {name: 'Loss/0.01protoatm., t=5.0 Gyr', unit: '', datatype: float64, format: .8f}
# - {name: insol_5.0_Gyr, unit: '', datatype: float64, format: .5f}
# - {name: 'Loss/0.01protoatm., t=10.0 Gyr', unit: '', datatype: float64, format: .8f}
# - {name: insol_10.0_Gyr, unit: '', datatype: float64, format: .5f}
# - {name: 'Loss/0.01protoatm., star_age', unit: '', datatype: float64, format: .8f}
# - {name: insol_star_age, unit: '', datatype: float64, format: .5f}
# meta: !!omap
# - {eta: 0.1}
# - {R_xuv: 1.0}
# - end_time: !numpy.ndarray
#     buffer: !!binary |
#       bXBtWm1abVp1VDh6TXpNek16UGpQd0FBQUFBQUFQQS9BQUFBQUFBQUZFQUFBQUFBQUFBa1FBPT0=
#     dtype: float64
#     order: C
#     shape: !!python/tuple [5]
# - {Protoatmosphere mass fraction: 0.01}
# schema: astropy-2.0
pl_name hostname pl_orbsmax pl_rade pl_masse st_spectype st_teff st_lum st_age SpT_PM Lxuv/Lbol t_sat gamma v_esc "Loss/0.01protoatm., t=0.1 Gyr" insol_0.1_Gyr "Loss/0.01protoatm., t=0.6 Gyr" insol_0.6_Gyr "Loss/0.01protoatm., t=1.0 Gyr" insol_1.0_Gyr "Loss/0.01protoatm., t=5.0 Gyr" insol_5.0_Gyr "Loss/0.01protoatm., t=10.0 Gyr" insol_10.0_Gyr "Loss/0.01protoatm., star_age" insol_star_age
[from data line 525]
"""Kepler-102 b""" """Kepler-102""" 0.05521 0.46 1.1 """""" 4909.0 0.26039941246163295 1.1 K3V 0.001 0.1 1.23 17.288432857033147 0.10107923510766154 85.42883929327128 0.24950971954845194 85.42883929327128 0.28177214304817955 85.42883929327128 0.36183505345043265 85.42883929327128 0.38817201545670504 85.42883929327128 0.28738326583830304 68.50603458368822
"""Kepler-102 c""" """Kepler-102""" 0.06702 0.567 1.7 """""" 4909.0 0.26039941246163295 1.1 K3V 0.001 0.1 1.23 19.35847456091515 0.05378383963349189 57.973717912261314 0.13276308164479084 57.97371791226131 0.1499297826971777 57.97371791226131 0.1925309235653184 57.973717912261314 0.20654471125840868 57.973717912261314 0.15291543774280983 46.489564380107105
"""Kepler-102 d""" """Kepler-102""" 0.08618 1.154 3.0 """""" 4909.0 0.26039941246163295 1.1 K3V 0.001 0.1 1.23 18.0258570976762 0.08805849402922973 35.06121972894883 0.2173685834255661 35.06121972894883 0.24547505281162008 35.06121972894883 0.31522448562153627 35.06121972894883 0.33816879469854083 35.061219728948835 0.250363366639728 28.11585819458563
"""Kepler-102 e""" """Kepler-102""" 0.1162 2.17 4.7 """""" 4909.0 0.26039941246163295 1.1 K3V 0.001 0.1 1.23 16.45346087838015 0.13121411208914466 19.285359717327616 0.32389635985363796 19.285359717327612 0.3657772194471217 19.285359717327612 0.4697093840357723 19.285359717327612 0.5038982169953585 19.285359717327616 0.3730611931925206 15.46507632181037
"""Kepler-102 f""" """Kepler-102""" 0.1656 0.861 4.3 """""" 4909.0 0.26039941246163295 1.1 K3V 0.001 0.1 1.23 24.9845109502809 0.004821267127455411 9.495532730549177 0.011901089353894306 9.495532730549177 0.013439939165189442 9.495532730549176 0.017258771763592556 9.495532730549177 0.018514989512199747 9.495532730549176 0.013707577932215364 7.614539762110304
"""Kepler-103 b""" """Kepler-103""" 0.133 3.4857 11.67 """G2""" 6047.0 2.656501099524097 6.03 F9V 0.001 0.1 1.23 20.45637260877049 0.6869171219553655 150.1781389295097 1.6956252020462892 150.1781389295097 1.9148750912459187 150.1781389295097 2.458968879948494 150.17813892950971 2.6379503505059936 150.17813892950971 2.5101817078950037 154.78623322393094
"""Kepler-103 c""" """Kepler-103""" 0.6679 5.4539 58.47 """G2""" 6047.0 2.656501099524097 6.03 F9V 0.001 0.1 1.23 36.605906193453784 0.004156346574693633 5.955073321401589 0.010259761731411951 5.955073321401589 0.01158638250828647 5.9550733214015885 0.014878544375716198 5.955073321401589 0.015961512026846654 5.95507332140159 0.015188419112001611 6.1377999125740335
"""Kepler-105 b""" """Kepler-105""" 0.06016 2.53 10.8 """""" 5933.0 1.2490217468867761 4.27 G0V 0.001 0.1 1.23 23.09882124659911 0.7047542666005934 345.1074580393044 1.739655422033962 345.1074580393044 1.9645985628095182 345.10745803930433 2.522820809370346 345.10745803930445 2.706449883368071 345.1074580393044 2.476757611826219 342.0778328764465
"""Kepler-105 c""" """Kepler-105""" 0.07229 1.44 5.6 """""" 5933.0 1.2490217468867761 4.27 G0V 0.001 0.1 1.23 22.047074433143194 0.3347297315177108 239.00861238604045 0.8262658630781646 239.0086123860405 0.9331047439291328 239.00861238604043 1.1982377010090726 239.0086123860405 1.2854540735109208 239.00861238604048 1.1763595479030748 236.9104064813103
"""Kepler-106 b""" """Kepler-106""" 0.06491 0.82 5.3 """""" 5858.0 1.2093444058488 4.83 G1V 0.001 0.1 1.23 28.42295382182838 0.0828678203919135 287.02966342499394 0.20455563008124322 287.02966342499394 0.2310053426570819 287.0296634249939 0.29664334310495905 287.0296634249939 0.3182351827630237 287.029663424994 0.29547298088941903 288.65789084434584
"""Kepler-106 c""" """Kepler-106""" 0.10987 2.5 10.44 """""" 5858.0 1.2093444058488 4.83 G1V 0.001 0.1 1.23 22.846435225541324 0.21124191507019188 100.1824736786947 0.5214415298048337 100.18247367869472 0.5888656265308232 100.1824736786947 0.7561862686137506 100.18247367869469 0.8112269531362456 100.18247367869473 0.7532028480945768 100.75077678937576
"""Kepler-106 d""" """Kepler-106""" 0.16063 0.95 8.1 """""" 5858.0 1.2093444058488 4.83 G1V 0.001 0.1 1.23 32.645167979817664 0.009008796480266583 46.87018646408721 0.022237824424237464 46.870186464087226 0.025113247917100696 46.87018646408722 0.03224894165937601 46.87018646408721 0.03459625196866266 46.870186464087226 0.03212170825371711 47.136066031517046
"""Kepler-106 e""" """Kepler-106""" 0.24006 2.56 11.17 """""" 5858.0 1.2093444058488 4.83 G1V 0.001 0.1 1.23 23.353114290327905 0.041504316151436224 20.985068755597084 0.10245160909622081 20.985068755597087 0.1156989375244384 20.98506875559708 0.14857370494625233 20.98506875559708 0.15938796958144094 20.985068755597084 0.14798752947819083 21.104110334565377
"""Kepler-107 b""" """Kepler-107""" 0.04544 1.536 3.8 """""" 5854.0 2.314674888042706 4.29 G1V 0.001 0.1 1.23 17.584676831504016 4.137987027635048 1121.019983809862 10.214441983664111 1121.019983809862 11.535202768802083 1121.019983809862 14.812822393508942 1121.019983809862 15.891006325284781 1121.0199838098622 14.550510619769158 1111.8015080155255
"""Kepler-107 c""" """Kepler-107""" 0.06064 1.597 10.0 """""" 5854.0 2.314674888042706 4.29 G1V 0.001 0.1 1.23 27.97600795537247 0.3770992594731091 629.4650400245629 0.9308532100865948 629.465040024563 1.0512155772690999 629.4650400245629 1.3499086193345027 629.4650400245629 1.4481646939749409 629.465040024563 1.3260038620291408 624.2887645623482
"""Kepler-107 d""" """Kepler-107""" 0.08377 0.86 7.7 """""" 5854.0 2.314674888042706 4.29 G1V 0.001 0.1 1.23 33.45294356117054 0.052047058381771656 329.8473270744417 0.1284759122516691 329.84732707444175 0.14508826826761292 329.8473270744417 0.18631373824156178 329.8473270744417 0.19987499439549825 329.84732707444175 0.18301441513810981 327.13489585610756
"""Kepler-107 e""" """Kepler-107""" 0.12638 2.903 14.1 """""" 5854.0 2.314674888042706 4.29 G1V 0.001 0.1 1.23 24.63906590914915 0.26230435218969306 144.92165931338198 0.6474869470616715 144.921659313382 0.7312091288446253 144.92165931338198 0.9389753414115881 144.92165931338198 1.0073207315438115 144.921659313382 0.92234756577502 143.72992604568844
"""Kepler-109 b""" """Kepler-109""" 0.0701 2.49 4.9 """""" 5950.0 2.220956231659265 6.2 G0V 0.001 0.1 1.23 15.683268125326553 4.274439373951382 451.9641253597907 10.551268698120877 451.96412535979084 11.915582280029618 451.9641253597907 15.30128317351207 451.9641253597908 16.415020799939157 451.9641253597908 15.666104524028674 467.20837262691043
"""Kepler-109 c""" """Kepler-109""" 0.1546 2.65 8.2 """""" 5950.0 2.220956231659265 6.2 G0V 0.001 0.1 1.23 19.666278728639803 0.3782685670605392 92.92252893412979 0.9337395952862336 92.92252893412982 1.0544751815235416 92.92252893412979 1.3540944095509317 92.9225289341298 1.4526551561595633 92.9225289341298 1.3863794503293756 96.05670248525027
"""Kepler-11 b""" """Kepler-11""" 0.091 1.8 1.9 """""" 5663.0 1.3188639580261134 8.5 G5V 0.001 0.1 1.23 11.486262807713624 3.7843983560899974 159.26385195340103 9.341623642896629 159.26385195340103 10.549526159430354 159.26385195340103 13.547075024806576 159.26385195340103 14.533128744097015 159.26385195340106 14.315837160577713 169.92681396905067
"""Kepler-11 c""" """Kepler-11""" 0.107 2.87 2.9 """""" 5663.0 1.3188639580261134 8.5 G5V 0.001 0.1 1.23 11.238186925063719 4.762680578764428 115.19468582637033 11.756470992688573 115.19468582637033 13.27662117647621 115.19468582637032 17.049048500901666 115.19468582637033 18.290001079513164 115.19468582637033 18.016538746170013 122.90714878834034
"""Kepler-11 d""" """Kepler-11""" 0.155 3.12 7.3 """""" 5663.0 1.3188639580261134 8.5 G5V 0.001 0.1 1.23 17.101032561706425 0.4601760181426143 54.895482123875695 1.135924595268174 54.8954821238757 1.2828033638492986 54.895482123875695 1.647299902337896 54.8954821238757 1.7672022570906887 54.8954821238757 1.7407799922361165 58.570819832578906
"""Kepler-11 e""" """Kepler-11""" 0.195 4.19 8.0 """""" 5663.0 1.3188639580261134 8.5 G5V 0.001 0.1 1.23 15.44813951138382 0.5863571004594821 34.68412775874066 1.4473971388392468 34.684127758740665 1.6345503268995532 34.684127758740665 2.0989924642763333 34.684127758740665 2.2517722578754937 34.684127758740665 2.2181049610219277 37.00628393103769
"""Kepler-11 f""" """Kepler-11""" 0.25 2.49 2.0 """""" 5663.0 1.3188639580261134 8.5 G5V 0.001 0.1 1.23 10.019672467881676 1.1979187124933253 21.10182332841782 2.957010524245617 21.101823328417815 3.3393616647102586 21.101823328417815 4.288209946411055 21.101823328417815 4.600336760429141 21.10182332841782 4.53155498074514 22.51462314364333
"""Kepler-11 g""" """Kepler-11""" 0.466 3.33 25.0 """""" 5663.0 1.3188639580261134 8.5 G5V 0.001 0.1 1.23 30.63275718668198 0.005277766427380668 6.073347998794017 0.0130279381292842 6.073347998794018 0.01471249317594079 6.073347998794018 0.018892910055325837 6.073347998794018 0.02026807216184408 6.073347998794018 0.01996503476552848 6.479968071237766
"""Kepler-111 c""" """Kepler-111""" 0.751 7.0840758 222.4798849 """""" 5914.0 1.4399917369273318 3.4 G0V 0.001 0.1 1.23 62.65301524001053 0.0002697227249393861 2.5531723116223772 0.0006657988793028513 2.5531723116223772 0.0007518888538681161 2.5531723116223772 0.0009655310162496631 2.553172311622377 0.0010358093197151638 2.5531723116223772 0.0009212960528697966 2.459725212203815
"""Kepler-113 b""" """Kepler-113""" 0.05123 1.82 11.7 """""" 4725.0 0.26547278138943675 6.89 K3V 0.001 0.1 1.23 28.34623855689839 0.06552138139121198 101.15125796845457 0.16173669575096844 101.15125796845457 0.18264977995148612 101.15125796845457 0.234548001007166 101.15125796845459 0.2516200943056643 101.15125796845459 0.242783940425219 105.71411873335254
"""Kepler-113 c""" """Kepler-113""" 0.07796 2.18 8.7 """""" 4725.0 0.26547278138943675 6.89 K3V 0.001 0.1 1.23 22.33415780480257 0.08793800951127514 43.67936731665105 0.21707117260471104 43.67936731665105 0.2451391857980636 43.67936731665105 0.3147931851477287 43.67936731665106 0.3377061010689744 43.67936731665106 0.3258468611158024 45.64971227693686
"""Kepler-114 b""" """Kepler-114""" 0.053 1.26 1.09 """M0 V""" 4605.0 0.20639539343992255 2.69 K4V 0.001 0.1 1.23 10.398391803209883 1.819601208783246 73.47646615874781 4.491606874645999 73.4764661587478 5.072386346669642 73.47646615874781 6.513657329690782 73.47646615874781 6.987768237349001 73.47646615874781 6.020642166757311 68.57086924034539
"""Kepler-114 c""" """Kepler-114""" 0.06482 1.6 2.8 """M0 V""" 4660.0 0.20639539343992255 2.69 K4V 0.001 0.1 1.23 14.789627141251746 0.3774810446771166 49.122667999209675 0.9317956303480674 49.122667999209675 1.0522798555553639 49.12266799920968 1.3512753023090174 49.12266799920968 1.4496308539825153 49.12266799920968 1.2489980132813672 45.84303274511358
"""Kepler-114 d""" """Kepler-114""" 0.08358 2.53 3.9 """M0 V""" 4660.0 0.20639539343992255 2.69 K4V 0.001 0.1 1.23 13.880664067898351 0.46269726484912543 29.545766847421294 1.1421481837033656 29.545766847421294 1.289831682641879 29.545766847421298 1.656325251964261 29.545766847421298 1.7768845366853814 29.5457668474213 1.5309588989868395 27.5731675870622
"""Kepler-117 b""" """Kepler-117""" 0.1445 8.059 29.875 """F8 V""" 6150.0 3.4495305854876506 5.3 F8V 0.001 0.1 1.23 21.525417317518027 1.4250209907719422 165.2054254852146 3.5176026745696483 165.2054254852146 3.9724402151517193 165.20542548521456 5.101171826387033 165.20542548521462 5.472471862958607 165.20542548521462 5.134713761646568 167.89744123339264
"""Kepler-117 c""" """Kepler-117""" 0.2804 12.341 584.78 """F8 V""" 6150.0 3.4495305854876506 5.3 F8V 0.001 0.1 1.23 76.95897595502964 0.0035468215038227287 43.87367172492083 0.008755175459773038 43.87367172492084 0.00988724830650945 43.87367172492083 0.012696617134547004 43.87367172492084 0.013620768401518046 43.87367172492084 0.012780101699356046 44.588591436952036
"""Kepler-12 b""" """Kepler-12""" 0.0553 19.660586 137.30256 """""" 5947.0 2.8140382738761716 4.0 G0V 0.001 0.1 1.23 29.544679908358866 5.456085394436714 920.1947208473828 13.468110786041388 920.1947208473828 15.20958159810784 920.1947208473827 19.531241488158965 920.1947208473828 20.95286595517441 920.1947208473829 19.02320522407287 904.9134980193406
"""Kepler-120 b""" """Kepler-120""" 0.055 2.15 8.5 """M0 V""" 4096.0 0.21037299990354283 3.63 K7V 0.001 0.1 1.23 22.22943547513723 0.1407056269821672 69.54479335654311 0.34732575379914576 69.5447933565431 0.3922361107251579 69.54479335654311 0.5036863209900773 69.54479335654311 0.5403482402057401 69.54479335654311 0.48467259349589564 67.5657205563634
"""Kepler-122 e""" """Kepler-122""" 0.227 2.6 27.7 """""" 6050.0 1.8617870278636373 7.94 F9V 0.001 0.1 1.23 36.49147444032009 0.01217329391321493 36.13085889234484 0.03004924945298593 36.13085889234484 0.03393471577251714 36.13085889234484 0.0435769468285389 36.13085889234485 0.04674879096588368 36.13085889234485 0.04574885032027485 38.29791731753239
"""Kepler-122 f""" """Kepler-122""" 0.28575 1.75 36.0 """""" 5917.0 1.8617870278636373 7.94 G0V 0.001 0.1 1.23 50.707293055720264 0.0013868707311007872 22.801190437451595 0.0034234304088108926 22.8011904374516 0.0038660911671604464 22.801190437451595 0.0049646046943489135 22.801190437451602 0.005325964391162094 22.8011904374516 0.005212043834891991 24.16876135484969
"""Kepler-123 b""" """Kepler-123""" 0.135 2.94 55.3 """""" 6089.0 2.5675564457275337 5.01 F9V 0.001 0.1 1.23 48.48719952716151 0.017219221317753854 140.88101211125013 0.04250490298288612 140.88101211125016 0.04800092607701818 140.88101211125016 0.06163993879898323 140.88101211125016 0.06612653762553992 140.8810121112502 0.061653926511102984 142.2736554992983
"""Kepler-128 b""" """Kepler-128""" 0.12545 1.421 3.79 """""" 6072.0 3.762010470908786 4.07 F9V 0.001 0.1 1.23 18.258318004024705 0.7023471087107686 239.04445206717978 1.7337134569076995 239.0444520671798 1.9578882821415962 239.04445206717975 2.5142038654174086 239.04445206717975 2.6972057361540505 239.04445206717978 2.4540114089638125 235.57448046763415
"""Kepler-128 c""" """Kepler-128""" 0.16517 1.521 3.38 """""" 6072.0 3.762010470908786 4.07 F9V 0.001 0.1 1.23 16.666021739036346 0.6247139737082472 137.89790315124338 1.5420794212769924 137.89790315124338 1.741475338395932 137.89790315124333 2.2362992144449088 137.89790315124336 2.3990731825385248 137.89790315124336 2.1827600623760532 135.89617584306373
"""Kepler-129 c""" """Kepler-129""" 0.39 2.52 43.0 """G4 V""" 5770.0 2.9083723021965833 6.43 G2V 0.001 0.1 1.23 46.181938464812696 0.002434191903321718 19.12144840365933 0.0060086974191881125 19.121448403659333 0.006785641664768583 19.12144840365933 0.008713718069877476 19.121448403659333 0.00934796524839516 19.12144840365933 0.00895564866660956 19.842108262312117
"""Kepler-131 b""" """Kepler-131""" 0.12789 2.41 16.13 """""" 5685.0 1.0517438955544953 3.66 G4V 0.001 0.1 1.23 28.923234803986013 0.05088485421569446 64.30382771402631 0.12560706154037218 64.30382771402631 0.14184846576825397 64.30382771402631 0.18215337626311046 64.30382771402631 0.19541181129920898 64.30382771402631 0.17546039992298107 62.53918255717118
"""Kepler-131 c""" """Kepler-131""" 0.17391 0.84 8.25 """""" 5685.0 1.0517438955544953 3.66 G4V 0.001 0.1 1.23 35.03688858342043 0.00445410209272294 34.774499643608344 0.010994758347862066 34.774499643608344 0.012416416593231575 34.774499643608344 0.01594442485716762 34.77449964360835 0.017104974968801888 34.774499643608344 0.015358568802697084 33.82020727004924
"""Kepler-138 b""" """Kepler-138""" 0.0753 0.64 0.07 """M1 V""" 3841.0 0.05600025440780012 2.21 M0V 0.001 0.6 1.23 3.697406785312937 7.771649502700764 9.876431310226137 46.62989701620457 24.006330276135596 69.10358178212236 31.502954924772713 124.87461243136515 44.331487533553016 143.22067939145944 47.394756413869146 99.1577707675824 35.54171589487999
