Tables/260520_21.27_ST_Catalog_mass_loss_for_0.1-10.0_Gyr_eta-0.1_Rxuv-1.0.ecsv
# %ECSV 1.0
# ---
# datatype:
# - name: pl_name
#   datatype: string
#   description: Planet Name
#   meta: !!omap
#   - {_votable_string_dtype: char}
#   - {_votable_arraysize: '*'}
#   subtype: json
# - name: hostname
#   datatype: string
#   description: Host Name
#   meta: !!omap
#   - {_votable_string_dtype: char}
#   - {_votable_arraysize: '*'}
#   subtype: json
# - {name: pl_orbsmax, unit: AU, datatype: float64}
# - {name: pl_rade, unit: earthRad, datatype: float64}
# - {name: pl_masse, unit: earthMass, datatype: float64}
# - name: st_spectype
#   datatype: string
#   description: Spectral Type
#   meta: !!omap
#   - {_votable_string_dtype: char}
#   - {_votable_arraysize: '*'}
#   subtype: json
# - {name: st_teff, unit: K, datatype: float64}
# - {name: st_lum, unit: '', datatype: float64, format: .5f}
# - {name: st_age, unit: Gyr, datatype: float64}
# - {name: SpT_PM, datatype: string}
# - {name: Lxuv/Lbol, datatype: float64, format: .5f}
# - {name: t_sat, unit: Gyr, datatype: float64}
# - {name: gamma, datatype: float64}
# - {name: v_esc, unit: km / s, datatype: float64, format: .1f}
# - {name: 'Loss/0.01protoatm., t=0.1 Gyr', unit: '', datatype: float64, format: .8f}
# - {name: insol_0.1_Gyr, unit: '', datatype: float64, format: .5f}
# - {name: 'Loss/0.01protoatm., t=0.6 Gyr', unit: '', datatype: float64, format: .8f}
# - {name: insol_0.6_Gyr, unit: '', datatype: float64, format: .5f}
# - {name: 'Loss/0.01protoatm., t=1.0 Gyr', unit: '', datatype: float64, format: .8f}
# - {name: insol_1.0_Gyr, unit: '', datatype: float64, format: .5f}
# - {name: 'Loss/0.01protoatm., t=5.0 Gyr', unit: '', datatype: float64, format: .8f}
# - {name: insol_5.0_Gyr, unit: '', datatype: float64, format: .5f}
# - {name: 'Loss/0.01protoatm., t=10.0 Gyr', unit: '', datatype: float64, format: .8f}
# - {name: insol_10.0_Gyr, unit: '', datatype: float64, format: .5f}
# - {name: 'Loss/0.01protoatm., star_age', unit: '', datatype: float64, format: .8f}
# - {name: insol_star_age, unit: '', datatype: float64, format: .5f}
# meta: !!omap
# - {eta: 0.1}
# - {R_xuv: 1.0}
# - end_time: !numpy.ndarray
#     buffer: !!binary |
#       bXBtWm1abVp1VDh6TXpNek16UGpQd0FBQUFBQUFQQS9BQUFBQUFBQUZFQUFBQUFBQUFBa1FBPT0=
#     dtype: float64
#     order: C
#     shape: !!python/tuple [5]
# - {Protoatmosphere mass fraction: 0.01}
# schema: astropy-2.0
pl_name hostname pl_orbsmax pl_rade pl_masse st_spectype st_teff st_lum st_age SpT_PM Lxuv/Lbol t_sat gamma v_esc "Loss/0.01protoatm., t=0.1 Gyr" insol_0.1_Gyr "Loss/0.01protoatm., t=0.6 Gyr" insol_0.6_Gyr "Loss/0.01protoatm., t=1.0 Gyr" insol_1.0_Gyr "Loss/0.01protoatm., t=5.0 Gyr" insol_5.0_Gyr "Loss/0.01protoatm., t=10.0 Gyr" insol_10.0_Gyr "Loss/0.01protoatm., star_age" insol_star_age
[from data line 1148]
"""TOI-2421 b""" """TOI-2421""" 0.0543 10.36830715 105.836859531 """""" 5607.0 2.728977782808041 7.5 G6V 0.001 0.1 1.23 35.71928410706263 1.3546257616582729 925.550971109972 3.343835096540465 925.5509711099719 3.776203920460735 925.5509711099718 4.849176829967938 925.550971109972 5.202134855219236 925.550971109972 5.062440356158898 975.5863710336021
"""TOI-2431 b""" """TOI-2431""" 0.0063 1.534 6.2 """K7 V""" 4109.0 0.10900087895662276 2.0 K7V 0.001 0.1 1.23 22.47612122570444 3.7932452034488637 2746.3058442081833 9.36346170292001 2746.3058442081833 10.57418795210095 2746.3058442081833 13.578744234447443 2746.3058442081838 14.567103066974218 2746.3058442081838 12.005313546364983 2451.524769954444
"""TOI-244 b""" """TOI-244""" 0.0559 1.52 2.68 """M2.5 V""" 3433.0 0.022769841105818964 7.0 M3V 0.001 0.6 1.23 14.845123122880127 0.052404294233198596 7.286792190827273 0.3144257653991916 17.71177609522198 0.46596600001322486 23.242756287499695 0.8420305019977768 32.70759721001435 0.9657381770112525 34.96766494646283 0.9045452800209113 35.475180543894176
"""TOI-2443 b""" """TOI-2443""" 0.105 2.363 4.8 """K5 V""" 4375.0 0.13649916666722672 7.5 K5V 0.001 0.1 1.23 15.934078732335177 0.10428681606384337 12.380876795213311 0.25742749439066803 12.380876795213311 0.2907137120960777 12.380876795213311 0.3733172854389359 12.38087679521331 0.40049000701229487 12.380876795213311 0.38973552784839494 13.050188525404433
"""TOI-2447 b""" """TOI-2447""" 0.347 9.60609646 124.906563951 """""" 5730.0 1.1192059234143605 2.1 G3V 0.001 0.1 1.23 40.31413631649513 0.007767668334021676 9.295035449296657 0.019174153281856763 9.295035449296659 0.021653434067180347 9.295035449296657 0.02780605416960589 9.295035449296657 0.029829979118904875 9.295035449296657 0.024773253801648954 8.36119252319899
"""TOI-2449 b""" """TOI-2449""" 0.45 11.24 222.0 """G""" 6021.0 1.4063065515120132 2.5 F9V 0.001 0.1 1.23 49.68571369361624 0.0029431830496265076 6.944723711170437 0.007265120046762261 6.944723711170437 0.008204523850947486 6.944723711170436 0.010535762314996927 6.944723711170437 0.011302631000468834 6.944723711170438 0.009636351919203957 6.413205341388732
"""TOI-2458 b""" """TOI-2458""" 0.0482 2.83 13.31 """F9-F9.5""" 6005.0 2.1942191447763926 5.7 F9.5V 0.001 0.1 1.23 24.245660007907002 1.7772905656591786 944.4651197363997 4.38716488229657 944.4651197364 4.954439662821897 944.4651197363995 6.362197202395472 944.4651197363999 6.8252837508049025 944.4651197363999 6.455486686816779 967.567500701865
"""TOI-2485 b""" """TOI-2485""" 0.1093 12.1393261 766.602117684 """""" 6016.4 3.3100152905873452 6.0 F9.5V 0.001 0.1 1.23 88.84355315729138 0.012405169350536373 277.0701093448659 0.030621623939937923 277.0701093448659 0.03458110015428167 277.0701093448659 0.044406995266951424 277.0701093448659 0.04763925630967165 277.0701093448659 0.045307743862323974 285.4198739827218
"""TOI-2498 b""" """TOI-2498""" 0.0491 6.06 34.62 """""" 5905.0 1.8659070259105752 3.6 G0V 0.001 0.1 1.23 26.721782240940442 2.1137814268518675 773.9751477348176 5.217778017797445 773.9751477348177 5.892453795728656 773.9751477348176 7.5667392491922865 773.9751477348178 8.117501045809227 773.9751477348177 7.273415121679699 751.1559437513786
"""TOI-251 b""" """TOI-251""" 0.05741 2.74 317.83 """""" 5875.0 0.8309980410444321 0.18 G1V 0.001 0.1 1.23 120.40939198650945 0.000755189834447678 252.13022203029033 0.0018641534396078914 252.13022203029035 0.002105194581596048 252.13022203029033 0.0027033658675943723 252.13022203029035 0.002900136311654293 252.13022203029035 0.001170383005517786 110.21014473212391
"""TOI-2524 b""" """TOI-2524""" 0.073 11.2089807 203.41018048 """""" 5831.0 1.307013279149898 6.7 G1V 0.001 0.1 1.23 47.62571214849191 0.12278818786943908 245.2642670575903 0.3030973303916918 245.26426705759036 0.34228880739078593 245.26426705759033 0.43954696010014266 245.2642670575903 0.4715403545425522 245.26426705759036 0.45368001556034887 255.59487044810808
"""TOI-2525 b""" """TOI-2525""" 0.1511 8.67575106 26.697586188 """K8 V""" 5096.0 0.36300282093533875 3.99 K2V 0.001 0.1 1.23 19.611944632264116 0.2142533589075158 15.899412292880614 0.5288751486533171 15.899412292880614 0.5972604366301298 15.899412292880614 0.7669663852290031 15.899412292880616 0.8227917243033761 15.899412292880614 0.7467868157896963 15.630571915508161
"""TOI-2525 c""" """TOI-2525""" 0.249 10.13291855 208.813263399 """K8 V""" 5096.0 0.36300282093533875 3.99 K2V 0.001 0.1 1.23 50.75162652098157 0.0020547931817839218 5.854789776541326 0.005072168086461083 5.854789776541326 0.005728016023621034 5.854789776541326 0.007355578027163114 5.854789776541327 0.007890969988744044 5.854789776541327 0.007162046210874901 5.755792161788826
"""TOI-2529 b""" """TOI-2529""" 0.327 11.54525012 743.71847238 """""" 5802.0 2.909979972301235 7.23 G2V 0.001 0.1 1.23 89.73064966512315 0.0011136704904904512 27.214132483248097 0.0027490474324987995 27.2141324832481 0.0031045082644400265 27.2141324832481 0.003986625156230908 27.2141324832481 0.004276800456472478 27.2141324832481 0.004146763999055757 28.580636525611745
"""TOI-2537 b""" """TOI-2537""" 0.3715 11.25381662 415.401727949 """""" 4870.0 0.3010024288370056 1.1 K3V 0.001 0.1 1.23 67.92387173414244 0.00026496260502866534 2.180983418769027 0.0006540487292084635 2.180983418769027 0.0007386193709027822 2.1809834187690265 0.0009484911342156177 2.180983418769027 0.0010175291523040035 2.180983418769027 0.0007533280072515165 1.7489471558863807
"""TOI-2567 b""" """TOI-2567""" 0.0672 10.92875618 63.883509807 """""" 5611.0 2.5399782631954992 7.6 G6V 0.001 0.1 1.23 27.030072879873202 2.6460341447215012 562.4597557033687 6.531620828569641 562.4597557033687 7.376180782756253 562.4597557033686 9.472053336842116 562.4597557033687 10.161497619464587 562.4597557033687 9.90159156645828 593.6436307971765
"""TOI-2570 b""" """TOI-2570""" 0.04145 13.64132951 260.61929374 """""" 5771.0 1.1990022553024329 4.4 G2V 0.001 0.1 1.23 48.866713618712765 0.3836164465998085 697.8642166590371 0.9469406045993803 697.8642166590371 1.0693831245539611 697.864216659037 1.373238304702858 697.8642166590372 1.4731924819215436 697.8642166590371 1.3529997965556895 694.21858829896
"""TOI-2580 b""" """TOI-2580""" 0.048 17.37392009 200.23189641 """F""" 6120.0 4.12999950876437 2.0 F8V 0.001 0.1 1.23 37.9538573827581 3.44876640593988 1792.5345090123137 8.513130692151014 1792.5345090123135 9.613906358108071 1792.5345090123135 12.34560763644645 1792.5345090123135 13.244209903321568 1792.534509012314 10.915066079523138 1600.1286816286204
"""TOI-2589 b""" """TOI-2589""" 0.3 12.10569916 1112.3994245 """""" 5579.0 0.9900109542601704 11.0 G6V 0.001 0.1 1.23 107.17010102791549 0.00023196097576261342 11.000121714001894 0.0005725856348939473 11.000121714001894 0.0006466228318265568 11.000121714001894 0.0008303546418221554 11.000121714001894 0.0008907938348877825 11.000121714001898 0.0008983761661235778 12.016156609118458
"""TOI-260 b""" """TOI-260""" 0.0943 1.71 4.23 """K8 V""" 4026.0 0.08729914695281281 15.9 K8V 0.001 0.1 1.23 17.583702584192736 0.04035185714083626 9.81717684842073 0.09960681387967997 9.817176848420731 0.11248630097405242 9.817176848420731 0.14444822786625947 9.81717684842073 0.15496221055784584 9.817176848420731 0.16111649620448779 11.055741881476026
"""TOI-2641 b""" """TOI-2641""" 0.0607 18.10250383 122.681765102 """F9 V""" 6100.0 2.189979250353058 10.8 F9V 0.001 0.1 1.23 29.1044156965803 3.4457823862528603 594.3778515759465 8.50576476863129 594.3778515759464 9.605587996565125 594.3778515759464 12.334925690527491 594.3778515759465 13.232750448421271 594.3778515759465 13.323892902662557 648.2323476445396
"""TOI-2714 b""" """TOI-2714""" 0.036 13.72 228.0 """""" 5665.0 1.4460056836707478 5.5 G5V 0.001 0.1 1.23 45.5751984799336 0.8153178582669968 1115.7451262891573 2.0125768654893927 1115.7451262891573 2.2728096423033812 1115.7451262891573 2.918607174964366 1115.7451262891575 3.1310444320661044 1115.7451262891575 2.94986449070697 1138.5835483748328
"""TOI-2796 b""" """TOI-2796""" 0.0569 17.26183028 139.84449908 """""" 5764.0 1.1360043646919784 4.0 G2V 0.001 0.1 1.23 31.821267437580513 1.3573584006771613 350.87745735032274 3.3505804977547085 350.8774573503227 3.7838215241328377 350.87745735032274 4.85895890424271 350.8774573503228 5.212628939334018 350.8774573503228 4.732570249913907 345.0506073482173
"""TOI-2818 b""" """TOI-2818""" 0.0493 15.27784069 225.65816897 """""" 5721.0 1.4599903995290213 9.5 G3V 0.001 0.1 1.23 42.96677347871084 0.6187415620461214 600.6979660599394 1.52733678143353 600.6979660599393 1.7248264269611489 600.6979660599393 2.2149196710531185 600.6979660599394 2.376137481951207 600.6979660599395 2.365067824383434 647.6125653437973
"""TOI-283 b""" """TOI-283""" 0.123 2.34 6.54 """K""" 5213.0 0.46000229666506814 10.4 K1V 0.001 0.1 1.23 18.690423685177198 0.13397111414052698 30.40533390607894 0.3307019001597376 30.405333906078944 0.3734627383925193 30.40533390607894 0.4795786710714561 30.405333906078944 0.5144858618441097 30.405333906078948 0.5162995778841526 33.04952125159463
"""TOI-2842 b""" """TOI-2842""" 0.0475 12.84549188 117.59651059 """""" 5910.0 1.7599891885836043 4.7 G0V 0.001 0.1 1.23 33.82673249690497 1.7585529259526365 780.0506098985505 4.3409118292021365 780.0506098985506 4.902205938554459 780.0506098985505 6.295121755519264 780.0506098985506 6.753326069664528 780.0506098985506 6.250555684311873 782.0072159827621
"""TOI-2876 b""" """TOI-2876""" 0.0654 9.6397234 54.03082919 """""" 5271.0 0.5290052717796108 3.8 K0V 0.001 0.1 1.23 26.46834159169393 0.5581928539231661 123.68143155262155 1.3778749145457532 123.68143155262158 1.5560386514261257 123.68143155262156 1.9981724329414647 123.68143155262158 2.1436138183089812 123.68143155262158 1.9338678210796652 120.85700086638457
"""TOI-2886 b""" """TOI-2886""" 0.02871 18.6405349 444.9597698 """""" 6240.0 2.1000034102666136 1.7 F7V 0.001 0.1 1.23 54.6222252733091 1.2259042459764167 2547.7312553908564 3.0260916030976936 2547.7312553908564 3.4173751531926184 2547.731255390856 4.3883902355961455 2547.7312553908564 4.707808892803236 2547.7312553908564 3.777966075804144 2214.521568022761
"""TOI-2977 b""" """TOI-2977""" 0.03386 13.15934334 533.95172376 """""" 5691.0 1.0890053165575284 9.8 G4V 0.001 0.1 1.23 71.21509995637052 0.1116668017754265 949.8523301338513 0.27564466988875536 949.8523301338515 0.3112864280194108 949.8523301338513 0.3997355455451772 949.8523301338514 0.4288311784176349 949.8523301338512 0.42804712971249403 1026.9478704438106
"""TOI-2981 b""" """TOI-2981""" 0.048 13.4 638.0 """""" 5940.0 1.3059904464196455 4.5 G0V 0.001 0.1 1.23 77.14293196649612 0.04928331122236321 566.8361312585267 0.12165372193817545 566.8361312585267 0.13738394641436208 566.8361312585267 0.17642030562819766 566.8361312585268 0.18926144647996793 566.8361312585268 0.17428289776129183 565.3757969834217
"""TOI-2986 b""" """TOI-2986""" 0.04489 9.292245 96.619835728 """""" 5906.0 2.332007806985784 6.3 G0V 0.001 0.1 1.23 36.05047756901672 1.4629499613958774 1157.2595921516154 3.6112286978874897 1157.2595921516154 4.078172389766361 1157.2595921516154 5.236946806267062 1157.2595921516154 5.618129524055957 1157.2595921516156 5.370851826079416 1198.3102747908763
"""TOI-2992 b""" """TOI-2992""" 0.0434 13.75341932 1058.36859531 """""" 6000.0 2.7899729974082654 4.6 F9.5V 0.001 0.1 1.23 98.07342246597852 0.050599709146893455 1481.2233204189226 0.12490319327236059 1481.2233204189226 0.14105358502909812 1481.2233204189224 0.18113263762078843 1481.2233204189226 0.1943167759446563 1481.2233204189226 0.17940032509479162 1481.2233204189226
"""TOI-3023 b""" """TOI-3023""" 0.0505 16.43236571 197.05361234 """""" 5760.0 2.7799693006031814 7.0 G2V 0.001 0.1 1.23 38.715097319582206 1.8321373747287157 1090.0771691415277 4.5225518580141015 1090.0771691415277 5.107332617684656 1090.0771691415277 6.558533255691917 1090.077169141528 7.0359105565500695 1090.077169141528 6.799772418849573 1141.0860127783349
"""TOI-3071 b""" """TOI-3071""" 0.0249 7.16 68.2 """""" 6177.0 2.610177249456403 0.95 F8V 0.001 0.1 1.23 34.50435210951054 4.886646685792395 4209.8954040360695 12.062475965570654 4209.8954040360695 13.62219359404947 4209.8954040360695 17.492812078205453 4209.8954040360695 18.766064967037778 4209.89540403607 13.47372457575054 3273.9559076184714
"""TOI-3135 b""" """TOI-3135""" 0.04756 13.65253849 327.36325921 """""" 5890.0 1.050001694650035 1.8 G1V 0.001 0.1 1.23 54.74525260196184 0.16212723704411452 464.20125269149435 0.4002040716172399 464.20125269149435 0.4519517681326191 464.20125269149423 0.5803696221003715 464.2012526914944 0.6226131044304939 464.2012526914944 0.5044385623800095 407.36470742188493
"""TOI-3261 b""" """TOI-3261""" 0.01714 3.82 30.3 """K1.5+/-1""" 5068.0 0.4300015291512701 6.5 K2V 0.001 0.1 1.23 31.48674983544353 1.307141228534631 1463.687502982747 3.2266215805304794 1463.6875029827472 3.643834313135952 1463.6875029827472 4.67919564082893 1463.6875029827472 5.0197812105167205 1463.6875029827474 4.814535742552247 1520.5652523291471
"""TOI-329 b""" """TOI-329""" 0.0638 4.94057819 40.4 """""" 5614.0 2.1139757447041982 8.7 G6V 0.001 0.1 1.23 31.969805566274264 0.5644150158553456 519.3482141253031 1.3932340521275675 519.3482141253032 1.5733837757749158 519.3482141253031 2.0204460116137746 519.3482141253031 2.167508628505552 519.3482141253032 2.139813381168014 555.3423286518147
"""TOI-332 b""" """TOI-332""" 0.0159 3.2 57.2 """K0 V""" 5251.0 0.6005788029725792 5.0 K0V 0.001 0.1 1.23 47.26734689111259 0.34994754015732416 2375.6133181938185 0.8638303654387897 2375.613318193819 0.9755264594111878 2375.6133181938185 1.2527131488757681 2375.613318193819 1.3438946369380314 2375.613318193819 1.2527131488757681 2398.552544785842
"""TOI-3321 b""" """TOI-3321""" 0.047 15.55806521 176.076937478 """""" 5850.0 2.5399782631954992 8.1 G1V 0.001 0.1 1.23 37.61071979864766 2.054307308016844 1149.8317171550477 5.070968728084158 1149.8317171550477 5.726661584279911 1149.8317171550475 7.353838736592766 1149.8317171550477 7.889104100075383 1149.8317171550477 7.735309877280638 1221.1566646778535
"""TOI-333 b""" """TOI-333""" 0.049 4.26 20.1 """""" 6241.0 1.6428200703717204 1.0 F7V 0.001 0.1 1.23 24.284626592796112 1.9257674365729702 684.2232696258727 4.753673615585588 684.2232696258728 5.36833917507984 684.2232696258727 6.893702377182578 684.2232696258728 7.3954757014060695 684.2232696258728 5.36833917507984 537.9708486596413
"""TOI-3362 b""" """TOI-3362""" 0.153 12.80065596 1598.359058803 """""" 6532.0 5.47999295295588 2.14 F5V 0.001 0.1 1.23 124.92784877505305 0.0028269259801948707 234.0976954571268 0.006978144499722194 234.09769545712683 0.007880441426269834 234.0976954571268 0.010119594910415936 234.0976954571268 0.010856171933932544 234.09769545712683 0.009042276888828953 211.1958099423318
"""TOI-3364 b""" """TOI-3364""" 0.0675 12.22899794 530.77343969 """""" 5706.0 1.9300119587775195 5.4 G3V 0.001 0.1 1.23 73.65417275379365 0.040446041360572026 423.5965890321031 0.09983930355203581 423.59658903210305 0.11274885232209136 423.596589032103 0.14478538071615965 423.59658903210305 0.15532390382115663 423.5965890321031 0.14604009774676682 431.3932470229537
"""TOI-3464 b""" """TOI-3464""" 0.0515 13.7646283 397.28550875 """""" 6370.0 3.620011915137475 2.1 F6V 0.001 0.1 1.23 60.06304128256805 0.3317056542636866 1364.883368889613 0.818801059187031 1364.8833688896127 0.9246747164590785 1364.883368889613 1.1874123603376412 1364.8833688896132 1.2738407865549888 1364.8833688896132 1.0579015487214796 1227.757837100236
"""TOI-3474 b""" """TOI-3474""" 0.0502 14.67255574 193.87532827 """""" 6020.0 1.8599873905218927 4.7 F9V 0.001 0.1 1.23 40.63933473396358 0.9123134842222568 738.07851880204 2.2520063724870085 738.07851880204 2.5431981683206457 738.0785188020398 3.265824063424174 738.07851880204 3.503534267168587 738.07851880204 3.2427037881675815 739.929846013619
